4.705487006056463883e+02
4.687480687240574184e+02
4.361101159283279571e+02
4.573778192115112233e+02
4.646873680166781355e+02
4.493116090772008988e+02
4.760879268117214451e+02
4.452523645534945445e+02
4.765640874185658618e+02
4.409220233350287117e+02
4.399717120349586708e+02
4.406608979980052823e+02
4.694475830727029688e+02
4.666472642044656141e+02
4.473380848231518030e+02
4.581026347631025146e+02
4.718008768067260803e+02
4.444454653993203124e+02
4.339162539100383356e+02
4.406786159832623753e+02
4.453099271906575041e+02
4.708179253671671631e+02
4.567383270448256098e+02
4.679669186841118176e+02
4.372317356261824557e+02
4.367101477716014983e+02
4.678453484325982004e+02
4.706623335335016804e+02
4.392208168969393114e+02
4.713171453572861651e+02
4.404281453832455782e+02
4.368507064159057336e+02
4.476078484215136655e+02
4.684264734409148332e+02
4.698585052327672429e+02
4.702906532444950471e+02
4.508107990040616642e+02
4.554524646765328839e+02
4.420382478301149263e+02
4.742595024395894825e+02
4.661284509607824020e+02
4.396515388510198932e+02
4.705914765955386088e+02
4.711447377191519763e+02
4.551610780570114230e+02
4.645318011029057175e+02
4.442217855039287997e+02
4.325292966142063165e+02
4.406359335737834613e+02
4.734252841236167342e+02
4.700859328119552174e+02
4.697067169076995583e+02
4.658115667725344906e+02
4.444102867598999751e+02
4.689011929174126294e+02
4.306884841991270036e+02
4.494024859144187758e+02
4.438184531109206432e+02
4.738364412234482188e+02
4.609942865617638290e+02
4.772154155032154108e+02
4.601145758007502877e+02
4.481139770959173347e+02
4.624005767039376451e+02
4.394575324749907281e+02
4.676606154616980575e+02
4.652805657834472868e+02
4.581974983859576582e+02
4.737108486973688173e+02
4.367794648636562442e+02
4.436977924213051665e+02
4.605160154810801032e+02
4.403943533004900246e+02
4.360915825359169276e+02
4.675384341231632561e+02
4.639366238436858225e+02
4.446257098986243363e+02
4.327425513107572783e+02
4.389978357026296862e+02
4.484908616654888078e+02
4.362196736519185833e+02
4.379965159680490387e+02
4.448625347241868440e+02
4.514326696440875821e+02
4.564259494325051492e+02
4.527756480604650733e+02
4.630738606987372918e+02
4.580194296285832820e+02
4.755481259691488276e+02
4.639266703859069025e+02
4.479136849973559720e+02
4.334887654875745397e+02
4.733634109066553037e+02
4.575008393231098012e+02
4.502684233417717223e+02
4.392351178483331751e+02
4.511825114294268246e+02
4.417570070249256560e+02
4.417486159090846627e+02
4.724154159094428564e+02
4.527153324944532642e+02
4.337395773300995643e+02
4.626305576572370342e+02
4.806052308127585206e+02
4.689410265577885184e+02
4.642939006624364993e+02
4.689698978188013143e+02
4.696093623401468449e+02
4.301477166176171636e+02
4.554294185735144538e+02
4.521734986185076650e+02
4.372317976058802174e+02
4.493616865401108385e+02
4.431784558252935540e+02
4.502898688485537377e+02
4.353401559517226929e+02
4.637498757140846806e+02
4.608394633932272768e+02
4.555615889297096146e+02
4.737695853731483453e+02
4.408463353244974883e+02
4.336711996425811435e+02
4.345844962339872382e+02
4.466025740515365783e+02
4.482334786115266070e+02
4.356210778861852759e+02
4.450267179247614422e+02
4.325188147597626767e+02
4.411588965711621881e+02
4.571566256080315611e+02
4.403045886723721196e+02
4.472584775569902149e+02
4.511994062221666013e+02
4.550454527297957270e+02
4.526320126967968918e+02
4.450571985716285894e+02
4.689791962376067431e+02
4.503621802275529831e+02
4.527490603884291431e+02
4.545544866412641909e+02
4.772949921007161151e+02
4.671956513467360992e+02
4.760364687860448498e+02
4.663042073966003613e+02
4.698661495708906841e+02
4.410724732746577388e+02
4.487493789579357895e+02
4.531456998637318065e+02
4.557817829904547011e+02
4.727979839094008412e+02
4.360852700699136903e+02
4.712914861235200306e+02
4.520177565894667850e+02
4.525998002390708734e+02
4.673536102781056911e+02
4.578299956056528117e+02
4.720159691099452743e+02
4.418540307008663603e+02
4.580288783018966683e+02
4.713997175855221826e+02
4.564780089932162355e+02
4.413458190345458547e+02
4.679004442674373649e+02
4.600484217654901045e+02
4.676653881187684760e+02
4.378011074246495582e+02
4.564583465479162783e+02
4.605184760235815133e+02
4.373080486963605154e+02
4.408301772902772768e+02
4.706808081976865310e+02
4.613242104289845429e+02
4.495792490025440884e+02
4.668827249185270034e+02
4.649904112980105424e+02
4.559445598259846975e+02
4.424031024436247890e+02
4.653862232384294089e+02
4.402300516355124955e+02
4.664904728966142216e+02
4.378868087793472910e+02
4.558862911166182812e+02
4.624276753830062603e+02
4.381993829746410256e+02
4.551849079434504688e+02
4.560240880751972554e+02
4.460989493217176687e+02
4.699917961292189261e+02
4.660433462884429332e+02
4.715764097385081755e+02
4.720036501248546870e+02
4.774488784223365769e+02
4.647534166746104347e+02
4.643028676621214572e+02
4.487045824901239257e+02
4.697244567753118076e+02
4.576056258205478002e+02
4.733921359401492737e+02
4.456584060889647958e+02
4.481472471202500287e+02
4.677811673213259951e+02
4.683131177194910038e+02
4.532295890461080603e+02
4.672486526221188683e+02
4.703878642528526370e+02
4.374492392982435831e+02
4.376888362426391836e+02
4.640578163116154542e+02
4.768573083173099576e+02
4.637450240168150231e+02
4.567644479027500779e+02
4.352652540279503341e+02
4.639459906747434843e+02
4.625279900936009767e+02
4.693321284768421719e+02
4.521548346223103181e+02
4.462740408010868123e+02
4.714028684416333590e+02
4.357773083126612619e+02
4.669320654380201745e+02
4.643778035394762469e+02
4.521426059473512282e+02
4.510326892398547329e+02
4.753985246116119470e+02
4.654677987434376973e+02
4.520152288603649708e+02
4.375202065048729310e+02
4.595595408366937704e+02
4.729716216283733274e+02
4.330596373932180541e+02
4.543336277042027405e+02
4.620879026558722558e+02
4.353150598535942777e+02
4.503483475027943541e+02
4.511232293626914043e+02
4.368627543401925664e+02
4.447681218100988190e+02
4.749230040069543861e+02
4.356399144264913161e+02
4.456183137399150382e+02
4.602793521455257633e+02
4.692959801772088895e+02
4.358266928536910996e+02
4.668556295591322396e+02
4.667056534261245702e+02
4.401642344939979239e+02
4.380597619784489325e+02
4.369429923666262425e+02
4.732377684029152078e+02
4.575633799819408409e+02
4.711612117522774383e+02
4.713447624676314831e+02
4.511130568713289222e+02
4.626943560018322046e+02
4.766943409266898470e+02
4.597706012948989951e+02
4.363162765848303479e+02
4.803509870493167568e+02
4.769421702887020160e+02
4.341626478372884890e+02
4.416268359217656894e+02
4.491806033679279722e+02
4.432327939213265040e+02
4.525612040368344537e+02
4.626154474800748062e+02
4.369545339270372892e+02
4.765562493201052234e+02
4.386999414340826888e+02
4.541066571265961898e+02
4.662300364173842695e+02
4.681188315422719484e+02
4.321990282338703082e+02
4.587901583866585042e+02
4.555572919729731893e+02
4.726689065689364497e+02
4.376354767667542092e+02
4.663073219706440682e+02
4.499293052454452209e+02
4.542306467481652135e+02
4.692659886806313807e+02
4.290024719349251541e+02
4.684742665250063851e+02
4.629233651124945936e+02
4.662979605078649001e+02
4.762466946240172661e+02
4.655421558974354070e+02
4.371395200585826615e+02
4.567311050950497133e+02
4.408627312490491477e+02
4.500403313517645643e+02
4.420977535871402324e+02
4.511994375965550717e+02
4.458090221736644025e+02
4.446045471965371689e+02
4.407123504080659586e+02
4.709216335122131909e+02
4.647491301603147917e+02
4.743977986686326176e+02
4.512307873305112480e+02
4.661633176073234495e+02
4.580694283792706756e+02
4.431821714719918646e+02
4.688034433853423479e+02
4.689869204463476535e+02
4.424903837384844110e+02
4.433030863576043430e+02
4.684833628273265731e+02
4.678755297737694150e+02
4.560149577482956715e+02
4.675756878737868760e+02
4.723057008973610209e+02
4.628470306080837986e+02
4.305605044164477704e+02
4.380482551557749389e+02
4.351195857449709479e+02
4.604329737591807543e+02
4.335053975600384888e+02
4.535925980445220489e+02
4.518292089355177836e+02
4.372593581318030829e+02
4.466106666140075845e+02
4.518994250930560952e+02
4.633289669475208825e+02
4.693959880474141642e+02
4.359011929059466866e+02
4.738202100536748844e+02
4.572533800770817720e+02
4.773842701244517457e+02
4.519787679265132851e+02
4.470728476330124295e+02
4.458481995056012579e+02
4.498235209049351511e+02
4.521591942538814806e+02
4.500245590449887914e+02
4.653140231622691658e+02
4.412052166988664226e+02
4.375431907300703642e+02
4.425267293722607178e+02
4.409832103295856882e+02
4.620507685943156844e+02
4.358527555151193269e+02
4.362764893519334919e+02
4.543307489789532383e+02
4.581988304179246825e+02
4.652761655832713359e+02
4.561090136878424346e+02
4.318115564591541329e+02
4.406330900249647016e+02
4.423851387605848799e+02
4.483022530872552238e+02
4.381295619662101331e+02
4.643616180365424952e+02
4.399969571857684514e+02
4.485031112623808554e+02
4.488067354250194967e+02
4.493878208244889834e+02
4.522875613516108615e+02
4.655970299375846935e+02
4.450694050784601359e+02
4.470910209380051015e+02
4.604875797595635163e+02
4.731048455890835953e+02
4.431952689017898024e+02
4.596830639121561148e+02
4.644401545505838840e+02
4.687689294182767981e+02
4.597486293343535522e+02
4.742686851295303541e+02
4.610414010354677998e+02
4.635871960602620447e+02
4.659274837229074819e+02
4.570946146030094610e+02
4.759049076296847147e+02
4.411570406704821607e+02
4.431294721753396857e+02
4.370104525854151234e+02
4.635724206484846377e+02
4.371575159190186355e+02
4.529252881734349785e+02
4.499251983359220617e+02
4.592985117451416386e+02
4.741195705650098944e+02
4.485242185730214146e+02
4.484316724725579775e+02
4.400904473049522494e+02
4.559921233145740302e+02
4.491154117277899900e+02
4.712611747652090344e+02
4.515724884726815276e+02
4.423651102999730256e+02
4.493426267311726860e+02
4.470782172093263966e+02
4.406355019925930492e+02
4.699579113501533811e+02
4.363160138231839937e+02
4.605572172213244926e+02
4.743993577990869426e+02
4.372214906958162146e+02
4.555465241516348556e+02
4.665003977485903874e+02
4.570376362899664855e+02
4.414649835113262952e+02
4.537150687355412515e+02
4.620775974317210739e+02
4.672095116849545775e+02
4.575777571009382427e+02
4.593020366751931078e+02
4.680148258218272304e+02
4.501221407617701402e+02
4.680565085380002870e+02
4.545353905684268057e+02
4.326034049966023076e+02
4.516753941491997466e+02
4.706949464307684252e+02
4.412359040762733571e+02
4.612303836380891653e+02
4.718872499694328440e+02
4.242436388172529860e+02
4.515495166559690006e+02
4.445697094464092061e+02
4.671562178597636716e+02
4.395439819537959352e+02
4.409655598583003666e+02
4.626031408690711260e+02
4.710509004518936536e+02
4.702476257899878647e+02
4.318858177647619527e+02
4.696862185458071508e+02
4.522040940678932088e+02
4.471029296151070298e+02
4.418803793421799924e+02
4.744178847797073217e+02
4.626407067614036919e+02
4.655225695124778440e+02
4.695620085286130347e+02
4.703213480385077787e+02
4.719254172546908421e+02
4.656139610810345175e+02
4.501306784784229080e+02
4.450495923325330523e+02
4.693360635121457562e+02
4.614488280616382667e+02
4.562306515368236433e+02
4.507412738337170026e+02
4.733494109172462458e+02
4.369004022251060064e+02
4.562595705132699209e+02
4.397767157608373054e+02
4.408136484376604471e+02
4.403564730654165373e+02
4.412424859144645666e+02
4.602758472940672050e+02
4.446659690883452072e+02
4.669040811825045125e+02
4.673979264252056396e+02
4.430644473880714713e+02
4.732714641164618570e+02
4.753864401595569689e+02
4.497210213860294061e+02
4.530615736906619873e+02
4.496615888125838296e+02
4.723329210850055802e+02
4.694806253736330746e+02
4.758164775968482445e+02
4.383274866596971151e+02
4.433647470944417819e+02
4.693694948046353375e+02
4.537150790443419623e+02
4.384559916700473536e+02
4.697560943629276835e+02
4.315001446197393307e+02
4.373719898906647927e+02
4.657210501788438819e+02
4.333969031735272779e+02
4.644986285179584797e+02
4.612575086454772872e+02
4.480591180416539601e+02
4.759188641691050634e+02
4.779210936119160351e+02
4.592396154233842935e+02
4.353213192151821431e+02
4.572370415709663121e+02
4.588635314027412733e+02
4.358681705686822738e+02
4.394642238364622244e+02
4.332917635466958473e+02
4.340466832050504991e+02
4.576503163541484582e+02
4.635226716912085863e+02
4.540351440629505078e+02
4.361082122991883239e+02
4.413395779136658348e+02
4.544382762256915385e+02
4.324969926154373638e+02
4.458933240505048161e+02
4.600847871748297280e+02
4.312807502853027586e+02
4.780494701123905656e+02
4.466499609284470580e+02
4.386661834699075939e+02
4.449520510291662276e+02
4.725115309090942901e+02
4.421011985595220608e+02
4.417757602957896665e+02
4.614834032794324798e+02
4.558009009824631335e+02
4.371465654347344412e+02
4.393655295665906806e+02
4.606111898182867890e+02
4.703180172945321260e+02
4.621598697317101028e+02
4.633704313949140783e+02
4.556896041477343715e+02
4.463537360654512440e+02
4.558974727193047443e+02
4.398917734198577136e+02
4.528169510404164271e+02
4.328560378863019196e+02
4.333186950741584837e+02
4.566768948751576431e+02
4.686179067558996962e+02
4.464028478430545874e+02
4.685217626241666835e+02
4.436517862349247707e+02
4.525069453749633226e+02
4.408997055691927471e+02
4.631154852464326268e+02
4.395092724421432990e+02
4.443834420695110907e+02
4.690614604289941667e+02
4.562498647035415047e+02
4.416857116646410759e+02
4.541476746658341312e+02
4.782915966649438246e+02
4.453578092545337768e+02
4.369699418379966573e+02
4.470541460031256520e+02
4.512772658407604922e+02
4.697100609631920634e+02
4.536063536926608890e+02
4.694444521083042332e+02
4.549408715062713782e+02
4.530470344787065073e+02
4.681606519848825769e+02
4.586817900916987014e+02
4.696760096085692453e+02
4.491143281309677491e+02
4.389982823234411171e+02
4.675789801735545552e+02
4.425437453176493818e+02
4.661969091851970006e+02
4.691040614300433162e+02
4.353965757859318160e+02
4.601324652668412227e+02
4.416245710357446228e+02
4.662710174749827274e+02
4.670533905822640577e+02
4.627830567731847395e+02
4.647333123605249625e+02
4.716414490148216032e+02
4.643019333703464895e+02
4.382940766917579367e+02
4.699320839687858893e+02
4.672598387903382218e+02
4.482402446022620666e+02
4.653941444317360947e+02
4.415188660467543968e+02
4.438890417614744592e+02
4.508384631049414111e+02
4.340596794822154152e+02
4.682007457712645078e+02
4.400822088365298441e+02
4.470460092336012963e+02
4.659840626616671102e+02
4.574026915387117356e+02
4.612912077956214603e+02
4.695978386679630034e+02
4.407588006503213478e+02
4.727013015167609069e+02
4.420566675838051651e+02
4.426501135822837227e+02
4.721522248187291666e+02
4.609689789389747148e+02
4.348616793587770530e+02
4.721196889100905878e+02
4.314221427684960304e+02
4.749469692330407042e+02
4.685155180154265508e+02
4.691444914953847274e+02
4.712328388079176875e+02
4.683578101743827347e+02
4.560587224414555294e+02
4.631361206084961282e+02
4.444432155577973731e+02
4.402744060321484199e+02
4.511787393579651848e+02
4.520989798532182817e+02
4.548238323199558408e+02
4.431723681501168812e+02
4.681425815245629565e+02
4.699528512350918277e+02
4.601402638131097547e+02
4.512534431763407952e+02
4.732536181294017865e+02
4.369946499800354900e+02
4.640268355872836423e+02
4.521556003279018228e+02
4.392081706120403624e+02
4.527666516039886346e+02
4.575918087984223916e+02
4.721355538296165264e+02
4.732359641433255888e+02
4.435919577416532888e+02
4.365408222193508436e+02
4.484953472559118950e+02
4.690133548956924869e+02
4.536302083565194039e+02
4.342316153688695977e+02
4.701832230564693305e+02
4.690351851736805884e+02
4.473873500835269397e+02
4.650904563348896090e+02
4.538328924122534431e+02
4.553185501136598532e+02
4.705490605370235926e+02
4.664678843167916398e+02
4.657289638848203026e+02
4.605741987913065714e+02
4.444764834835730767e+02
4.542112012810393367e+02
4.400508828513963522e+02
4.573119769457038615e+02
4.579331834583484238e+02
4.448792243617399436e+02
4.671648905741606654e+02
4.377125437917753175e+02
4.656092978674869869e+02
4.686902729006569643e+02
4.610385281884375672e+02
4.671837407380427862e+02
4.713536074316816666e+02
4.649062510504950865e+02
4.554736956502523526e+02
4.491193784628890739e+02
4.629591150727623585e+02
4.585417849264248957e+02
4.647018757965320219e+02
4.661660087814389613e+02
4.543513556742911419e+02
4.511221692486574284e+02
4.352664805185285104e+02
4.409825643685883847e+02
4.689767644432700990e+02
4.590447063745739911e+02
4.486072761731170431e+02
4.733772567933469873e+02
4.521106290448566369e+02
4.707019824139288744e+02
4.409802654455012316e+02
4.380502374381313189e+02
4.665555932870623792e+02
4.585717977577008355e+02
4.616306617769978971e+02
4.472407728593291836e+02
4.587491798179835882e+02
4.717931332675632348e+02
4.343909194424765019e+02
4.346177473183764732e+02
4.344497382836301540e+02
4.509950873394908513e+02
4.588913876391953863e+02
4.651955595983740182e+02
4.420280975427849057e+02
4.444203872863679408e+02
4.438526355940763892e+02
4.428063455837695983e+02
4.388915028528653011e+02
4.362398201642286608e+02
4.625742967589301884e+02
4.353981057847965985e+02
4.659296999519913243e+02
4.626768474368790294e+02
4.357191955479964918e+02
4.371129595022604803e+02
4.493049005756876682e+02
4.494410484161059571e+02
4.539449676242628016e+02
4.497883693093652369e+02
4.706764207392761818e+02
4.343741835096901127e+02
4.419270027354386912e+02
4.360306184691104363e+02
4.665835675683439945e+02
4.683204336253527345e+02
4.470360927391865289e+02
4.479967051303985954e+02
4.384665286063627150e+02
4.626582251416314762e+02
4.522861210357478967e+02
4.500263044387790501e+02
4.423440037965627880e+02
4.464412518085495662e+02
4.539221805434929138e+02
4.657636325422113828e+02
4.517579845065238260e+02
4.403941530507009929e+02
4.657831556433432070e+02
4.318434134020980650e+02
4.610380455377026010e+02
4.393457674935970090e+02
4.504450375212841777e+02
4.545963966555343632e+02
4.577951395757634714e+02
4.535356333647324050e+02
4.418157068880217935e+02
4.445161873245117476e+02
4.737515450287444878e+02
4.501291482082992275e+02
4.692173023580131144e+02
4.318257664696853908e+02
4.710453228163181620e+02
4.776398931337849376e+02
4.485834635507225130e+02
4.526590323616245541e+02
4.605057106582914912e+02
4.393051642504756842e+02
4.735000654122106312e+02
4.607388448287364895e+02
4.536880793872111894e+02
4.717665332634338142e+02
4.699763347027653708e+02
4.359033811722034670e+02
4.679393843550507199e+02
4.634399315797755321e+02
4.418430109176683800e+02
4.745780835997463782e+02
4.767994446277485281e+02
4.745023669289437862e+02
4.417539465490257840e+02
4.484980260935561205e+02
4.622611364150138797e+02
4.421963808668098750e+02
4.562966695938065413e+02
4.573460234355272291e+02
4.722652865995448792e+02
4.400229878422469483e+02
4.760248675867094335e+02
4.609646560717646935e+02
4.356808435957287884e+02
4.390859589675148413e+02
4.408833217110859550e+02
4.675771684194747877e+02
4.685768671274457802e+02
4.492497626180395969e+02
4.396092761843520407e+02
4.606193932728286313e+02
4.731801170865306290e+02
4.757557777558532734e+02
4.678601052187261189e+02
4.531468011231241348e+02
4.476997568047570439e+02
4.663707415866759902e+02
4.695439362962891323e+02
4.453449897077829860e+02
4.557303626092862601e+02
4.590011173774870485e+02
4.641162618591466753e+02
4.682607444182224299e+02
4.432997494822747626e+02
4.379818338497748300e+02
4.554658496366333793e+02
4.726005364582947550e+02
4.637294674393322111e+02
4.700450933914651728e+02
4.563932920572092939e+02
4.369245796711483649e+02
4.395937077331819296e+02
4.725272607383113268e+02
4.659221633720350155e+02
4.711962908743407752e+02
4.438497644299073386e+02
4.640087052591834436e+02
4.572993301919761393e+02
4.379993277201267006e+02
4.692447294693039339e+02
4.690977580957122086e+02
4.529610512703284257e+02
4.387743431672950578e+02
4.610579824179049524e+02
4.680632243562298527e+02
4.540240396596938126e+02
4.650100788839374104e+02
4.491199762785855683e+02
4.377808656019586238e+02
4.330355888120060968e+02
4.767531265650077330e+02
4.719027702603336252e+02
4.476690102322226039e+02
4.419383494844441316e+02
4.677791734378008641e+02
4.627473723068877121e+02
4.435020301030762653e+02
4.394648961869606865e+02
4.689389146189880080e+02
4.542874105474388102e+02
4.521354754756850411e+02
4.675353822795821088e+02
4.720434951783563520e+02
4.380492242427096699e+02
4.715899539039439787e+02
4.370744489347138710e+02
4.645225277327970730e+02
4.514331697800335519e+02
4.453518009685137713e+02
4.664761243681642213e+02
4.679357088373133706e+02
4.576504026856702581e+02
4.560110721181312670e+02
4.651388975655094669e+02
4.694751687463578946e+02
4.750287225696488917e+02
4.659924857529339306e+02
4.372966165809796166e+02
4.534360919095135500e+02
4.531372683910095134e+02
4.474211312607325794e+02
4.711319356357618631e+02
4.526849363028231892e+02
4.465311740472264432e+02
4.647320023518008725e+02
4.509868921533848152e+02
4.294234458672864889e+02
4.679527578536399801e+02
4.529205201427985230e+02
4.758692708163369502e+02
4.472789215478451865e+02
4.718458365664134817e+02
4.491309511654855555e+02
4.627262920560808652e+02
4.349449712076623769e+02
4.538285962260560495e+02
4.471859062310672357e+02
4.767393866059181846e+02
4.606766423380071274e+02
4.428779211573975658e+02
4.709976644155086660e+02
4.431223494366929003e+02
4.660655944101389423e+02
4.466915427396354517e+02
4.739592113426064088e+02
4.578575025005351335e+02
4.493154397204630186e+02
4.646110646592030662e+02
4.616384262784430348e+02
4.583566286580442011e+02
4.697994058031365512e+02
4.329196370011097201e+02
4.763405181455914885e+02
4.486367105518083349e+02
4.513564471967484337e+02
4.491251069744564006e+02
4.428537152319477173e+02
4.491842498511709891e+02
4.652979859928331621e+02
4.599247394748749684e+02
4.814388999015869217e+02
4.735482158807712949e+02
4.405801789638072705e+02
4.419984026920219549e+02
4.427294891067570575e+02
4.691784514471485750e+02
4.300469711799482866e+02
4.353584524611331403e+02
4.574128376993769507e+02
4.338507492516547472e+02
4.660417234091246996e+02
4.362505497234332665e+02
4.676618869279128035e+02
4.428426617240265273e+02
4.355482624029267527e+02
4.704928026137946517e+02
4.362892250184127647e+02
4.684638445746440425e+02
4.461895789200069657e+02
4.789015499428324460e+02
4.407363561808946315e+02
4.697920386030168629e+02
4.445733295580715776e+02
4.670429121713430050e+02
4.411497905536679696e+02
4.698652149945142469e+02
4.549738048244221886e+02
4.360621950114177707e+02
4.256734633796762637e+02
4.630531126651752629e+02
4.655762086093465086e+02
4.367689862664079214e+02
4.506608086384838998e+02
4.469317523876263749e+02
4.691564234690380886e+02
4.392093816147394136e+02
4.731910282238114291e+02
4.415829756716740917e+02
4.631938215957427474e+02
4.403148445031342817e+02
4.687647055759666159e+02
4.539174482305230640e+02
4.533123882027525724e+02
4.298349791760869039e+02
4.697413128225315972e+02
4.724642551851911207e+02
4.360074061647887333e+02
4.341889893514040182e+02
4.616637536284465568e+02
4.397336717690299679e+02
4.671295107027811468e+02
4.537061601737262890e+02
4.411815113371879988e+02
4.696268362980698612e+02
4.494917149756050776e+02
4.304808450159878248e+02
4.747249239100316345e+02
4.350608656429512280e+02
4.606325023610604603e+02
4.696750662661810338e+02
4.418360304814642632e+02
4.508292173355818591e+02
4.521424879467462006e+02
4.743686083676126941e+02
4.412934714857235008e+02
4.376688386820783876e+02
4.511678594012340113e+02
4.654169986602181552e+02
4.627547270403666744e+02
4.420168854458493684e+02
4.557299735543060137e+02
4.505637342819866831e+02
4.596609670072052722e+02
4.539406928538529087e+02
4.341186424875104990e+02
4.437684169502970803e+02
4.585602770240261066e+02
4.505900363054857394e+02
4.466579392608092576e+02
4.690337612137033148e+02
4.428922816199332715e+02
4.428209346586422726e+02
4.705013325693318507e+02
4.714079368290527441e+02
4.360703923226619168e+02
4.349082856625761337e+02
4.502775844921663406e+02
4.357762123029261261e+02
4.598910191843221469e+02
4.433615918671568465e+02
4.508721520038910171e+02
4.479929036333012959e+02
4.717708560492981178e+02
4.363530510934631934e+02
4.458934451449593439e+02
4.522070069525416898e+02
4.580288926381992951e+02
4.540606388993799101e+02
4.683963231813049219e+02
4.569176822130690994e+02
4.747718164561317735e+02
4.406510107497269360e+02
4.415473347997015594e+02
4.566946280846178183e+02
4.371411151745522261e+02
4.298292508732822057e+02
4.452869411880015491e+02
4.554947652481197338e+02
4.597719923255197614e+02
4.767118931059616216e+02
4.600202256284018176e+02
4.544952371901227366e+02
4.397359617854135081e+02
4.356861957505888654e+02
4.396456903390055118e+02
4.417030655393841698e+02
4.378899852864380478e+02
4.421177625392087407e+02
4.485499151836850729e+02
4.430266156288841444e+02
4.472139076915260603e+02
4.567144857556831425e+02
4.537072960237341022e+02
4.344352612075916227e+02
4.345009655926459686e+02
4.670901764058532990e+02
4.734900301736551569e+02
4.398816478426303433e+02
4.686262276145579335e+02
4.643292771593247039e+02
4.433503725927279788e+02
4.589330819557986274e+02
4.423497200909216076e+02
4.513369302762976076e+02
4.351159186762828881e+02
4.665144912716667704e+02
4.341510441227525803e+02
4.690708042830391378e+02
4.677561210241710228e+02
4.496091401623295951e+02
4.354960488924737660e+02
4.578877718023840657e+02
4.442903416906121379e+02
4.568971276469703184e+02
4.433944095254755666e+02
4.728653847352035768e+02
4.712144648894304737e+02
4.729540472970517726e+02
4.379113014741774350e+02
4.688541107318332593e+02
4.432252404957786212e+02
4.383464023359464363e+02
4.508322374260719698e+02
4.626664009111703422e+02
4.673957588287808562e+02
4.510034671629705940e+02
4.413416479574470372e+02
4.568771228075355566e+02
4.355250899821944017e+02
4.608072092041509222e+02
4.672320663906562004e+02
4.527388210034707754e+02
4.661295316708866494e+02
4.693278928526852951e+02
4.707173127513002555e+02
4.291501819953306267e+02
4.335674913782505655e+02
4.460673416929350310e+02
4.671480778653572656e+02
4.438922691083599830e+02
4.467016474512539048e+02
4.616103056975318850e+02
4.721721091947213722e+02
4.655437332436531506e+02
4.612749554590618573e+02
4.503220116544189295e+02
4.440942416660333265e+02
4.627027543536273697e+02
4.431038996951450031e+02
4.658094147485842313e+02
4.670744322688080388e+02
4.678921556090842842e+02
4.468801980276223276e+02
4.696418293599402318e+02
4.425967953801000476e+02
4.487847831648014107e+02
4.698349957858513335e+02
4.541190763858709261e+02
4.272282896268404215e+02
4.769951851799139035e+02
4.646541450205167507e+02
4.707402942709240392e+02
4.694049780041018494e+02
4.394226586759928068e+02
4.477875559928716598e+02
4.396318067889150711e+02
4.664013061841522472e+02
4.482451429658577240e+02
4.421860829697852182e+02
4.591455874518341602e+02
4.335635130018827113e+02
4.544872960794996288e+02
4.553420372570522545e+02
4.696408155201839918e+02
4.617563395580052656e+02
4.627869333527257822e+02
4.587101315542236080e+02
4.745241102194639780e+02
4.445753692943471265e+02
4.708921112366618900e+02
4.479171247498072717e+02
4.541103087982594957e+02
4.528701904343162710e+02
4.393454645364458884e+02
4.443642776184505010e+02
4.286059613162263418e+02
4.602957052704561534e+02
4.546390690605040277e+02
4.739554221055255994e+02
4.419379555555870525e+02
4.422069775833465997e+02
4.658406387970698006e+02
4.781162266691026161e+02
4.584941064127430650e+02
4.423942456927213129e+02
4.486767999773549036e+02
4.659036593308021565e+02
4.459559134004132375e+02
4.699207059192424936e+02
4.346493655349066785e+02
4.317807918398896732e+02
4.354734977002231631e+02
4.673400265300545016e+02
4.387166977903316933e+02
4.708974738354781380e+02
4.693414821587923029e+02
4.550061892041032365e+02
4.420564734319781905e+02
4.624287127086612372e+02
4.734462769277832308e+02
4.714166244615035453e+02
4.347736815659081913e+02
4.687824271075623415e+02
4.316118452987402065e+02
4.315005604258270751e+02
4.508250319337936389e+02
4.671486934429453868e+02
4.737773106658130473e+02
4.520596201004927934e+02
4.672469137624032101e+02
4.516259011635255547e+02
4.434827262997438311e+02
4.402810217305370202e+02
4.438080528857456102e+02
4.649925534977518851e+02
4.426161342696780707e+02
4.680301900747230093e+02
4.492941692193194854e+02
4.333594272906104266e+02
4.710944799618058028e+02
4.390103187798205795e+02
4.654503517743852399e+02
4.368321425569466783e+02
4.450745756575887526e+02
4.506509697034416035e+02
4.361225758588777808e+02
4.390559028320125776e+02
4.647281004978527790e+02
4.539457564935116807e+02
4.359340734305930027e+02
4.494980686082124635e+02
4.727590027439231335e+02
4.714157683451397247e+02
4.388695547764220350e+02
4.462725641336788840e+02
4.646827594235060701e+02
4.529537043273932113e+02
4.523831212513479727e+02
4.513811931911583315e+02
4.329168974794671954e+02
4.623125935454160640e+02
4.695383755637977288e+02
4.356807141796079463e+02
4.738048747728577723e+02
4.708135914325880549e+02
4.575595374288550374e+02
4.368547536840397356e+02
4.384901468837585412e+02
4.353280923107182048e+02
4.693178684122423761e+02
4.760522084574030828e+02
4.733350045834078514e+02
4.440861435844673792e+02
4.290772857989213094e+02
4.678725573080291156e+02
4.682261419371100146e+02
4.504232001740522264e+02
4.603529888932298491e+02
4.698800048141060870e+02
4.541289201313310286e+02
4.657450505845787347e+02
4.430750969071206100e+02
4.514868708424276633e+02
4.652341528705231326e+02
4.345654524549879056e+02
4.680006728878379931e+02
4.482402767588201300e+02
4.473202803821375824e+02
4.354963181697756909e+02
4.382524101004853492e+02
4.452918899194192477e+02
4.484715386410869087e+02
4.530833643000256643e+02
4.667968010367376905e+02
4.479716284861145255e+02
4.709819491066034516e+02
4.570921153669493151e+02
4.378860162619462812e+02
4.636444704918813500e+02
4.662689440514123476e+02
4.638604795453345560e+02
4.562018164895135897e+02
4.698360940787365507e+02
4.668813406749550268e+02
4.586927056620705230e+02
4.505988464105062121e+02
4.491977616768368762e+02
4.363047528261649290e+02
4.701527428077500872e+02
4.383417715741139773e+02
4.498300267335377498e+02
4.429476571256347484e+02
4.345457876495704568e+02
4.671198169537844933e+02
4.459549313472369363e+02
4.400576756092865480e+02
4.366180743242594531e+02
4.476730736030631874e+02
4.684000689374803414e+02
4.662912205907632597e+02
4.369141930339987425e+02
4.764852250104587483e+02
4.516434023140440672e+02
4.501407674092247930e+02
4.738495763255975248e+02
4.365704088138249404e+02
4.710632960849034703e+02
4.622804911109874411e+02
4.495114188226409624e+02
4.689468302991535325e+02
4.640155340671984732e+02
4.457246039900085748e+02
4.435682696107410266e+02
4.599720340421387732e+02
4.561757507240230325e+02
4.474943340090337642e+02
4.298729121902645147e+02
4.693337329039691781e+02
4.722519206614363156e+02
4.420608405233256235e+02
4.679142009242439713e+02
4.433333378642865910e+02
4.528403644058777786e+02
4.501609145785045598e+02
4.342011413027818776e+02
4.445403864899152495e+02
4.714991847965338252e+02
4.585701976239394639e+02
4.374694851293638749e+02
4.361665547177920530e+02
4.684685019942712074e+02
4.627055631634858628e+02
4.724422169871111805e+02
4.524714599237361767e+02
4.636251634147543541e+02
4.677719354730967893e+02
4.520185717724415895e+02
4.711764897378230330e+02
4.674675446530970362e+02
4.334412064918304281e+02
4.449650051063771912e+02
4.528844893498949773e+02
4.335426625428547140e+02
4.684951585824731524e+02
4.525593031062684872e+02
4.459402187250615270e+02
4.391091013929242877e+02
4.744645916324931250e+02
4.682327381512152442e+02
4.369769923372605831e+02
4.333851479438584988e+02
4.576980749674814888e+02
4.427000394369262040e+02
4.347381664215230899e+02
4.708032327761687270e+02
4.437504656229049260e+02
4.309987338435076936e+02
4.714812100205750767e+02
4.378121239476288906e+02
4.576745227823576556e+02
4.482482342884862874e+02
4.402349176127283386e+02
4.596999641893361286e+02
4.732809809973730921e+02
4.420995363402536213e+02
4.485128740200254924e+02
4.382630204904369862e+02
4.714740311272972235e+02
4.613657272902356681e+02
4.720499853756359698e+02
4.372063075865594328e+02
4.396673401239196437e+02
4.422898516255297636e+02
4.387928787315769910e+02
4.503516806999681990e+02
4.561047574884288451e+02
4.772710241709309003e+02
4.667437258884402809e+02
4.564785074932900670e+02
4.661844254072478293e+02
4.457834508082057141e+02
4.575893614218435914e+02
4.415679487009437594e+02
4.321337194116315459e+02
4.453291166578832190e+02
4.462343166620026409e+02
4.650260146441331699e+02
4.697082350705066460e+02
4.567498569540160815e+02
4.352626102294321981e+02
4.470297735852163328e+02
4.548268103815240693e+02
4.281753957165031466e+02
4.569906889107109009e+02
4.624817198549311570e+02
4.717096736870564655e+02
4.423620757826387830e+02
4.593035063524881707e+02
4.519943478030741062e+02
4.518976314424850784e+02
4.552796094893929535e+02
4.720014323978202810e+02
4.732578350127595854e+02
4.712436735324495771e+02
4.407837255003851737e+02
4.640550935999204967e+02
4.470565767625672038e+02
4.644677270409467269e+02
4.595780392391289411e+02
4.452637397226328630e+02
4.406225535684419583e+02
4.607417926302006776e+02
4.389006837802655241e+02
4.395629794349191002e+02
4.660337716098538863e+02
4.422870665711923834e+02
4.381953126798573521e+02
4.491489445428493923e+02
4.729440121031574336e+02
4.655600756093604673e+02
4.592007549455275921e+02
4.535394161059004432e+02
4.443919670017396015e+02
4.704372176423929659e+02
4.557260885992232033e+02
4.684045039855809023e+02
4.688270822742342716e+02
4.657070139088442033e+02
4.713300188081130955e+02
4.678761576496482348e+02
4.411346843069579791e+02
4.391278018686767268e+02
4.586843365478069359e+02
4.306219005883006616e+02
4.524117774923203115e+02
4.727123104578284938e+02
4.438889127434005104e+02
4.448381965229756361e+02
4.406789304287461277e+02
4.644684543068923972e+02
4.548859341910352327e+02
4.632000592184836023e+02
4.438839848787375786e+02
4.452022838952972847e+02
4.451249871179710453e+02
4.624133080912036462e+02
4.696126412275027064e+02
4.700638203974479552e+02
4.709442317413835895e+02
4.512324180318203730e+02
4.343097636025974566e+02
4.408371642058111775e+02
4.524221667704374568e+02
4.481857141571344982e+02
4.415979231063564612e+02
4.414014574672826257e+02
4.337758587521464051e+02
4.424417163856346065e+02
4.408621977175078541e+02
4.382644912587401791e+02
4.468142561455589998e+02
4.540844069826424061e+02
4.738397365695579424e+02
4.684330366420857104e+02
4.729328064074452982e+02
4.757482215958138454e+02
4.436869969162717098e+02
4.425649786613304286e+02
4.623151116165614667e+02
4.673512653622103130e+02
4.522198333776467507e+02
4.627875156637920213e+02
4.389340826974613492e+02
4.658445926658316694e+02
4.542870913520046656e+02
4.573050447765095328e+02
4.380363513644151112e+02
4.590515839668623812e+02
4.364016226017577651e+02
4.634407081698028605e+02
4.725180833548126884e+02
4.423646465628655733e+02
4.558770122404184804e+02
4.478947404119474527e+02
4.660096764834542569e+02
4.698662170909649944e+02
4.420657740832606351e+02
4.752613442787799727e+02
4.635640924910184140e+02
4.562247413482243132e+02
4.685876886204569587e+02
4.554338920186402220e+02
4.685231171559814811e+02
4.430085047304313548e+02
4.427145774034798933e+02
4.376275442286988664e+02
4.423574695849326304e+02
4.501303281340174749e+02
4.376896488216707439e+02
4.360062051072276859e+02
4.690116925432914172e+02
4.640810005802553064e+02
4.687015944497985629e+02
4.778764435016418020e+02
4.763444824936103714e+02
4.675053428214566793e+02
4.624806139533984606e+02
4.529758342339854948e+02
4.711746063813554883e+02
4.624500121322280393e+02
4.290549098636292342e+02
4.709769385064415133e+02
4.553538180666261042e+02
4.550999736387840358e+02
4.480617894376526351e+02
4.528584742383613957e+02
4.663158243256791025e+02
4.390058895658181086e+02
4.714880316910429769e+02
4.674917529182011435e+02
4.766220541645091089e+02
4.445133021975449878e+02
4.669315967334482025e+02
4.608835792037096439e+02
4.594369268172682723e+02
4.619508405017049881e+02
4.569183828881206750e+02
4.416249142899132494e+02
4.396151720254526367e+02
4.647490840821059237e+02
4.617335980196672267e+02
4.384034202990177960e+02
4.651866810808999162e+02
4.736336606260462645e+02
4.684086052854498803e+02
4.461810608144637058e+02
4.591991154380285138e+02
4.556548450220681730e+02
4.411791254239960267e+02
4.361998005734652679e+02
4.714230829334001669e+02
4.465164515131235135e+02
4.655542722557806314e+02
4.447285465975893430e+02
4.318037178974677772e+02
4.395649170591570964e+02
4.727380872412080066e+02
4.359155761592142539e+02
4.481627089394311270e+02
4.492970158793511359e+02
4.483335710586414393e+02
4.671736926413209972e+02
4.728445732749550530e+02
4.686221777017053682e+02
4.657761251391899577e+02
4.352520301300899632e+02
4.438990122328077064e+02
4.473920463704552049e+02
4.429524102323891839e+02
4.702186786906211751e+02
4.686234078968213339e+02
4.699229223088897811e+02
4.325102986578777973e+02
4.365945113174122412e+02
4.432786773769129809e+02
4.411452775024911261e+02
4.359169847583642081e+02
4.544035063898240878e+02
4.455909221612628244e+02
4.490958902724015616e+02
4.370483564907779055e+02
4.726655703714342849e+02
4.566283256633606698e+02
4.657202800783522889e+02
4.356585618764113974e+02
4.468892332026601366e+02
4.658391690610744149e+02
4.698258932908630072e+02
4.445844706232348358e+02
4.449636786027617177e+02
4.575965532869601589e+02
4.373360781553230936e+02
4.684759615793645935e+02
4.484511132380705476e+02
4.650139618613305856e+02
4.706977372674698472e+02
4.658787571806931282e+02
4.413338906489911437e+02
4.338226391142288776e+02
4.605765872965930612e+02
4.697129109588880738e+02
4.583914375010324420e+02
4.636144652488500242e+02
4.535744441040110360e+02
4.401693514550674990e+02
4.654303818483694499e+02
4.633246629025629773e+02
4.558710586849671813e+02
4.298359520461643797e+02
4.508896729016496465e+02
4.697891516281621307e+02
4.323553948363825157e+02
4.682118021638403889e+02
4.622771043876910539e+02
4.456058260251552383e+02
4.539619909263396949e+02
4.415191076172486646e+02
4.538523582259298905e+02
4.534052885538363284e+02
4.304572638587238202e+02
4.300238237399283321e+02
4.682098221608512745e+02
4.723875221669232474e+02
4.728005991414762548e+02
4.700712273056143999e+02
4.680508382742764297e+02
4.416779471668224346e+02
4.636971975628620726e+02
4.447205310712055280e+02
4.690397190365598021e+02
4.359701412416363837e+02
4.690951870564177852e+02
4.642557655660398268e+02
4.677272193853610247e+02
4.649002626196976848e+02
4.551867184466572667e+02
4.710816631991470445e+02
4.577266149430512314e+02
4.694447663070753265e+02
4.453749886021166162e+02
4.698643455014439496e+02
4.596656371133366292e+02
4.316296428876516416e+02
4.551638977054580550e+02
4.680951854443055709e+02
4.713226445048606479e+02
4.652958282789379609e+02
4.492828051348180338e+02
4.528871329622310213e+02
4.682025192697235525e+02
4.485028430264314352e+02
4.715815512939537939e+02
4.670089296174583069e+02
4.414734801916466154e+02
4.427783574585453721e+02
4.393115542610025273e+02
4.372768068951534133e+02
4.520945938323650921e+02
4.351003051510775776e+02
4.539347781309898551e+02
4.390552667914896006e+02
4.648588448809070997e+02
4.391261140564714651e+02
4.619559149823394364e+02
4.391167714838124425e+02
4.719434549056293235e+02
4.698828778171817930e+02
4.433665430513602814e+02
4.416909489078277602e+02
4.553971536910071336e+02
4.409069979943189423e+02
4.468982919662710174e+02
4.544371336025806158e+02
4.451949152224149771e+02
4.643703239317546831e+02
4.532238089727559327e+02
4.374584850252762749e+02
4.534751803783778428e+02
4.772767634292915773e+02
4.689307668348168363e+02
4.538363328965160122e+02
4.656475676196617997e+02
4.375677678161094946e+02
4.461169031636454747e+02
4.689468318039421888e+02
4.486511494298205207e+02
4.413702682827827743e+02
4.774928047782779572e+02
4.641561765935305743e+02
4.574753316760235293e+02
4.558171785166471182e+02
4.569939224452856479e+02
4.396563674973463662e+02
4.684133584988531425e+02
4.385413635301834461e+02
4.685821252494293390e+02
4.308409170232036445e+02
4.675226589103962738e+02
4.330422229463550252e+02
4.300947799774464784e+02
4.703516117067257483e+02
4.458479346322824313e+02
4.639731156524690050e+02
4.282606410590886981e+02
4.701027319208121753e+02
4.314561588404468466e+02
4.711964593219946664e+02
4.706329059777632438e+02
4.498704867187817058e+02
4.321162245744621941e+02
4.462458221479281519e+02
4.312914388163344483e+02
4.361958028978281163e+02
4.576022611471981918e+02
4.568077495389003957e+02
4.708386606380486796e+02
4.349473469850161678e+02
4.473106104876388827e+02
4.610815221029264421e+02
4.553648959658972899e+02
4.546687657656183319e+02
4.398931420634179972e+02
4.361771321410358837e+02
4.339529618473295045e+02
4.440233645702842864e+02
4.414787824863871606e+02
4.649446248927179681e+02
4.560308527835130121e+02
4.371786991765706034e+02
4.453412900602149307e+02
4.705927463066533392e+02
4.409525577744387874e+02
4.351971776057794727e+02
4.478971709209951086e+02
4.713045740747783725e+02
4.632235437302301762e+02
4.691051169986627087e+02
4.700522790465047365e+02
4.551321970116943021e+02
4.712894498058726072e+02
4.554014590776823184e+02
4.677963801091148639e+02
4.543321329832130004e+02
4.614317823991180489e+02
4.729961245635064984e+02
4.618008517188460473e+02
4.401934671906145695e+02
4.381537842464818482e+02
4.592397534694179626e+02
4.619984908631964799e+02
4.619928333082652330e+02
4.486425544329476338e+02
4.671098349301364010e+02
4.601367106672223599e+02
4.674417259462719585e+02
4.650458713279074345e+02
4.429299090960884087e+02
4.680827308952889894e+02
4.375064190612209245e+02
4.693734874416629737e+02
4.505825589039581018e+02
4.458162207452458006e+02
4.377334667848093659e+02
4.433859263659994099e+02
4.422262380423269974e+02
4.578543759273698583e+02
4.604531627023874307e+02
4.379263504744949387e+02
4.339169073844105924e+02
4.528329445253264112e+02
4.396155641203531559e+02
4.744105715539330390e+02
4.586907794528915474e+02
4.373353030521053597e+02
4.581983488418489401e+02
4.518178408278507732e+02
4.418872037516020441e+02
4.477886888446990383e+02
4.653716650904480048e+02
4.716207389947863931e+02
4.622115834851413183e+02
4.644837713003574322e+02
4.436320070687439170e+02
4.618341616680165203e+02
4.631632037780426572e+02
4.724454714435577785e+02
4.732248843742505642e+02
4.395966811453223499e+02
4.428567624750593268e+02
4.529660783318456652e+02
4.450636734323924202e+02
4.608767918452053891e+02
4.437878034370385762e+02
4.642465158967584671e+02
4.664954042987453704e+02
4.747002903660726929e+02
4.500419609553446207e+02
4.496301666242524675e+02
4.344577146154852585e+02
4.337332916905923526e+02
4.361925299315228699e+02
4.697988476792313577e+02
4.612642187885927001e+02
4.709043036975867835e+02
4.544253165713067233e+02
4.355825482800554482e+02
4.711969394926072709e+02
4.770708692379612899e+02
4.451551885407558871e+02
4.713805413673404132e+02
4.714210089737195517e+02
4.445302600369849415e+02
4.776513265606381538e+02
4.633380767500787556e+02
4.686045589974651762e+02
4.528214856042637848e+02
4.650934323796038825e+02
4.537530698760732548e+02
4.670086416710178696e+02
4.414738764440098748e+02
4.361426592281497960e+02
4.451319610894763628e+02
4.470346889766911431e+02
4.487991547246874120e+02
4.322709713344571014e+02
4.703257415914411581e+02
4.604298762694841116e+02
4.712826872854427620e+02
4.344788547956517277e+02
4.406784582079359325e+02
4.703047475988425958e+02
4.719921771541989983e+02
4.552442805386866667e+02
4.380239144517847762e+02
4.574560962537801743e+02
4.462753317434328437e+02
4.630753541967198430e+02
4.423102029123769512e+02
4.600359607123518799e+02
4.491033362866825200e+02
4.608729376917876266e+02
4.440436499902047558e+02
4.585370397695294287e+02
4.672759623491960497e+02
4.499240133801692991e+02
4.448028336100987872e+02
4.661358189960355389e+02
4.686554769194829078e+02
4.680885762234466370e+02
4.702678631415881796e+02
4.570069131402952394e+02
4.318053659429717186e+02
4.515769013417059909e+02
4.373360849094170248e+02
4.516845081440352487e+02
4.545655288847526094e+02
4.694144154087535981e+02
4.360697625144605354e+02
4.414265851550607636e+02
4.459228192668322777e+02
4.461258744292910023e+02
4.666712481306685731e+02
4.344222043720407669e+02
4.248668535777787838e+02
4.711793802771288711e+02
4.668786094672032618e+02
4.702824984495134117e+02
4.517726370165830190e+02
4.665982769084221218e+02
4.372658340172710041e+02
4.501391468381967798e+02
4.739522140790171534e+02
4.377300030952237080e+02
4.636706729200447512e+02
4.401499836158784547e+02
4.414653435479324912e+02
4.375192995186093299e+02
4.427331836516082149e+02
4.383986388330212094e+02
4.400860935330903203e+02
4.410424327229554819e+02
4.718394642252691824e+02
4.684010488415856344e+02
4.335445825820975756e+02
4.561809696103309761e+02
4.719215291641942258e+02
4.692621691728235191e+02
4.449842723692285062e+02
4.691265849414947411e+02
4.603866612411942469e+02
4.532803763277103144e+02
4.433219496228093703e+02
4.593997370260760817e+02
4.316669016064741982e+02
4.371015092342738058e+02
4.433193670569113465e+02
4.432513434347939665e+02
4.563710398522025002e+02
4.776073358848158250e+02
4.326926214244767266e+02
4.342761762361513433e+02
4.334028167070500785e+02
4.679728572422832258e+02
4.440766484421645259e+02
4.612466261113415271e+02
4.473493629408605443e+02
4.571944668254784574e+02
4.649281223928161353e+02
4.475439982137917241e+02
4.436988086119516197e+02
4.496164699035254557e+02
4.460101954643076283e+02
4.635562062265620966e+02
4.647802145675040038e+02
4.465353725229076645e+02
4.372129503284242560e+02
4.581696864052258888e+02
4.406227670078622509e+02
4.404494799306945652e+02
4.537688588293088969e+02
4.369141046251368152e+02
4.557644548191763079e+02
4.719393204142006653e+02
4.545713274343802368e+02
4.685953474359100710e+02
4.581125631270996905e+02
4.510083349413326914e+02
4.364177985337113341e+02
4.641288768520468011e+02
4.719420132144994113e+02
4.762193228124822895e+02
4.575416706672821192e+02
4.503314012589759727e+02
4.757275073308249489e+02
4.733945441436941337e+02
4.659563532473321175e+02
4.538600741085671189e+02
4.678760106469798075e+02
4.424436556554281879e+02
4.440588494487647608e+02
4.733776084915043612e+02
4.695208867034208993e+02
4.586831514599341517e+02
4.748781770494312013e+02
4.475700359370879937e+02
4.703087681648333387e+02
4.466259818265235140e+02
4.568685587971938844e+02
4.473756859551077127e+02
4.780396763515090015e+02
4.405117782942165263e+02
4.417813793436882861e+02
4.654191858872528087e+02
4.395972465841560961e+02
4.480840065297603019e+02
4.671054754539524652e+02
4.681115456843581342e+02
4.432667341296726704e+02
4.588111259909408091e+02
4.776674310575141362e+02
4.323286455104781112e+02
4.381208518784899297e+02
4.371821255249767546e+02
4.543236710197961088e+02
4.430244769186645044e+02
4.728564239305131309e+02
4.543161013821498955e+02
4.702641680695609807e+02
4.358794790923762434e+02
4.423741939859220906e+02
4.632890406002197210e+02
4.607521453582532445e+02
4.526460047825692641e+02
4.400907716252391424e+02
4.675296694915948592e+02
4.380437936992510686e+02
4.539809271409935718e+02
4.477474503066886768e+02
4.694217461794608539e+02
4.587683193567544890e+02
4.353067700544968943e+02
4.462922919025912734e+02
4.763928111621986545e+02
4.346573937338489486e+02
4.609118715120791876e+02
4.666172848476564354e+02
4.520827145382200456e+02
4.531498244071407271e+02
4.615882479176121365e+02
4.686860720508039435e+02
4.426276548615630304e+02
4.401906780876683456e+02
4.461892171203933799e+02
4.645935363332438897e+02
4.322830747826956213e+02
4.727900715226936654e+02
4.774625109290662976e+02
4.628056107106750119e+02
4.690655979030893263e+02
4.521701641248017154e+02
4.409554458957896372e+02
4.688139685978779880e+02
4.738770002199781288e+02
4.471458011457747261e+02
4.694866159448211533e+02
4.457247311073653577e+02
4.313745913125789002e+02
4.404734702634252130e+02
4.635608601388863121e+02
4.729912545377969764e+02
4.675991718867547888e+02
4.621843013661252257e+02
4.423152891443140788e+02
4.427680773193259824e+02
4.650667056911249801e+02
4.344838419559322915e+02
4.682629289646055781e+02
4.565760548853395449e+02
4.438678436685462430e+02
4.351687113635496758e+02
4.686461821478288812e+02
4.731666151338093869e+02
4.357478352613568973e+02
4.651158478697768146e+02
4.331761499800384740e+02
4.665674838341882946e+02
4.656185666137603789e+02
4.388312155577193607e+02
4.677287175296597184e+02
4.685474298467065069e+02
4.399695977335724137e+02
4.405415510116811788e+02
4.676862011785482878e+02
4.586167937364895124e+02
4.499834290594971549e+02
4.427220113820904999e+02
4.339829505150354407e+02
4.296247067557633841e+02
4.659744747833773886e+02
4.567011239895551853e+02
4.403506093493636513e+02
4.692139783123548114e+02
4.695232124344480553e+02
4.566230102914548183e+02
4.602163260221086603e+02
4.306866429796803573e+02
4.399701433343182657e+02
4.428445889499449208e+02
4.566925715638234351e+02
4.490447512826798970e+02
4.448321821020858806e+02
4.338272366685434349e+02
4.729786509155997010e+02
4.573218034385477040e+02
4.325640430031751293e+02
4.582562668015339113e+02
4.424155001925283273e+02
4.427059054164796521e+02
4.664272330212232305e+02
4.370606610333970252e+02
4.666192755062722881e+02
4.582756138270513020e+02
4.734113185435452351e+02
4.505112930160953510e+02
4.730403759800805688e+02
4.508300693973341708e+02
4.414578376043765502e+02
4.455637480277208056e+02
4.521774696298597860e+02
4.312342324575913608e+02
4.506649341474037556e+02
4.695150537625497691e+02
4.387475955651157733e+02
4.476880155275828770e+02
4.425767399048640982e+02
4.488388313630592847e+02
4.541067949645714066e+02
4.559168638024669917e+02
4.728476773135006965e+02
4.699054145444411574e+02
4.629565898931285233e+02
4.499234434309019548e+02
4.391439045652630284e+02
4.610066663372449511e+02
4.536886273011617732e+02
4.405788066463645123e+02
4.530480310270735345e+02
4.543921009490538836e+02
4.541565205780837573e+02
4.425984046860149306e+02
4.627882544709415811e+02
4.512589654176339877e+02
4.499501588155974900e+02
4.649738878663300738e+02
4.467047395990272776e+02
4.492494045227756487e+02
4.507352687475246285e+02
4.516173850788573532e+02
4.763281079847629940e+02
4.329805718127955743e+02
4.480508076025561195e+02
4.402543842357989092e+02
4.539139522915876910e+02
4.700368071124027551e+02
4.501724203788130581e+02
4.312701685099387419e+02
4.708929299202834500e+02
4.656505811572615698e+02
4.628263358542590709e+02
4.687626778047148832e+02
4.661192491188642180e+02
4.463081223938119706e+02
4.395687413475750418e+02
4.728398440880931730e+02
4.496117664859922911e+02
4.688594672482283272e+02
4.357078488243178072e+02
4.522880647713627695e+02
4.494361371596883714e+02
4.358017392104453052e+02
4.698181526224113327e+02
4.727361911465753792e+02
4.493649042483905873e+02
4.760879221593722832e+02
4.660559368082852529e+02
4.332965961362639860e+02
4.588803700941566603e+02
4.644118831770546763e+02
4.503412852459500755e+02
4.389875566122757959e+02
4.517981947834489915e+02
4.708122198189511778e+02
4.526536290862187570e+02
4.730270741796016978e+02
4.741729495752832122e+02
4.632905899236388336e+02
4.375776621344596151e+02
4.532744388087402285e+02
4.426813366245885959e+02
4.669044064367123497e+02
4.553786407048376645e+02
4.681967314117530350e+02
4.580050928046007357e+02
4.456887058223040299e+02
4.361687765596226427e+02
4.604570990868066929e+02
4.681410626183759973e+02
4.485543928463359862e+02
4.667137523308045388e+02
4.487411729246791765e+02
4.504852839355963283e+02
4.710685081142577815e+02
4.551947690332454499e+02
4.520187726605020657e+02
4.612983882461051053e+02
4.713734085717842390e+02
4.440987816384679263e+02
4.784047660486513678e+02
4.726266620958962790e+02
4.655089026942078476e+02
4.687477578218980057e+02
4.687726585014622174e+02
4.544564553466627785e+02
4.633106743124197919e+02
4.414223681004431228e+02
4.442529282742095234e+02
4.363063713372364987e+02
4.636661214696965203e+02
4.252498683593466353e+02
4.392050688280103827e+02
4.562503549081008032e+02
4.495921842775501318e+02
4.749974030567681211e+02
4.322470018479772307e+02
4.357662175841007297e+02
4.702968104361931410e+02
4.415748134206802433e+02
4.681466509016415216e+02
4.440798689947425260e+02
4.342584763342729843e+02
4.493339200779294060e+02
4.743443047766928089e+02
4.607163651662049233e+02
4.557725253201139708e+02
4.367189021777781477e+02
4.454200588809922010e+02
4.566548209452413403e+02
4.698813094019080836e+02
4.438483585260668178e+02
4.607687539786538196e+02
4.516169147884425570e+02
4.398072053554739114e+02
4.387346299823652771e+02
4.490684790198008614e+02
4.424282636640706983e+02
4.659750006323825460e+02
4.695638300955415048e+02
4.590486639119821461e+02
4.435201707908126991e+02
4.627746281147281593e+02
4.346771801743038282e+02
4.334507860411322895e+02
4.565787800350278758e+02
4.556419952253000929e+02
4.471324243774056413e+02
4.435154851203830049e+02
4.419655647431357011e+02
4.645404450677341970e+02
4.623312603407371171e+02
4.391132125820365673e+02
4.500559326689108843e+02
4.523767275648366990e+02
4.431399961647395571e+02
4.443600882501986007e+02
4.489294858456428869e+02
4.299674721981365337e+02
4.476249446874263072e+02
4.568298323450063663e+02
4.521780314067132167e+02
4.554297985156188702e+02
4.761791535723538686e+02
4.515132226298765090e+02
4.501181696746452303e+02
4.765689001588492602e+02
4.407232596872618728e+02
4.408107936445120458e+02
4.563474596985088851e+02
4.557546528571442650e+02
4.395516471009088377e+02
4.446537095527648376e+02
4.705081100285440812e+02
4.427605547126080410e+02
4.634415179609158031e+02
4.695195859291301872e+02
4.690672619554998732e+02
4.692678686312692093e+02
4.477770610537845073e+02
4.515897690452889606e+02
4.676767638818081991e+02
4.619709505827809721e+02
4.524415891266464769e+02
4.507585953226629272e+02
4.405642397391106329e+02
4.534495447772571879e+02
4.474026445062999073e+02
4.549877116046225751e+02
4.655543910263410226e+02
4.283819800974291638e+02
4.562379033880307020e+02
4.568157944982485787e+02
4.387787337635980975e+02
4.378073843204836635e+02
4.507848033958841825e+02
4.681636760094120859e+02
4.485311169944117182e+02
4.503288352265005869e+02
4.715063520014787741e+02
4.692088866775833935e+02
4.506038223164474630e+02
4.783054681201406879e+02
4.538655119984474595e+02
4.701894242856840833e+02
4.714387026732908339e+02
4.532195891231656333e+02
4.359125929405910824e+02
4.648249188207237808e+02
4.291182041970046157e+02
4.614308682485464033e+02
4.554608158697386671e+02
4.403674127195477013e+02
4.514918692941037648e+02
4.462564690694633782e+02
4.723045740457250758e+02
4.688983832130221003e+02
4.315655993722821222e+02
4.671588227329951337e+02
4.268292697852241986e+02
4.632161331856098059e+02
4.458811804412163156e+02
4.429188324492189395e+02
4.534454993683871180e+02
4.561713073583710525e+02
4.439999113346603963e+02
4.449285370185536408e+02
4.525366574885211435e+02
4.468460663878757373e+02
4.669311868805788208e+02
4.658234276547030390e+02
4.763767449636229117e+02
4.446844727025118686e+02
4.477738448595707155e+02
4.545225150074484191e+02
4.688985040269288902e+02
4.785945464204125415e+02
4.447382266564512179e+02
4.713201223094080206e+02
4.654802013345446312e+02
4.552110748182694806e+02
4.382517858498665078e+02
4.655859886001755967e+02
4.744307888937904636e+02
4.575465804581923521e+02
4.618739162216945147e+02
4.673743521928391829e+02
4.426021442188655897e+02
4.621909885824435946e+02
4.390574414533195977e+02
4.538977574676086419e+02
4.488768029757124509e+02
4.685725968192408004e+02
4.684346868640577100e+02
4.704089899499135186e+02
4.366035193317708831e+02
4.632617231140797571e+02
4.534775158556035990e+02
4.370775892514089946e+02
4.380107404717363124e+02
4.505021511167772701e+02
4.698989328721118000e+02
4.437876788674976751e+02
4.399405901095765330e+02
4.417930933102058475e+02
4.462560237051282002e+02
4.703178987742057302e+02
4.574753703159198039e+02
4.441537032005784909e+02
4.419795536184913090e+02
4.599923532969201005e+02
4.706707356240659124e+02
4.657898926880318413e+02
4.587708426209346726e+02
4.625296840562863849e+02
4.443567232395656106e+02
4.684618018132533734e+02
4.601843389074680886e+02
4.463509114487295619e+02
4.732760695631765770e+02
4.369167783316411828e+02
4.321523033604007082e+02
4.725236983935167814e+02
4.564469052591148852e+02
4.653171386171731001e+02
4.570097422227829043e+02
4.652805313217459684e+02
4.399096563764246639e+02
4.391597192571494475e+02
4.728358162035178793e+02
4.681911767546791339e+02
4.500891465317285451e+02
4.564559034387732481e+02
4.375793484846502110e+02
4.699254984805663184e+02
4.410082371623643098e+02
4.700050187747282280e+02
4.654536655217563066e+02
4.696649543538531475e+02
4.362149977130812317e+02
4.568917250678501887e+02
4.685118002906196466e+02
4.299733444214905376e+02
4.781850800517509583e+02
4.716309649938271491e+02
4.561639969483699133e+02
4.701493785679510324e+02
4.376864381244642459e+02
4.720691815319000852e+02
4.771670583261926026e+02
4.686997679146135738e+02
4.410474848645262682e+02
4.549828143959849740e+02
4.730032677712957820e+02
4.490053575363837695e+02
4.639880935666636788e+02
4.566202407943662820e+02
4.494285340258895189e+02
4.513076233561036474e+02
4.668316387434228432e+02
4.406833186733064736e+02
4.465595081147711198e+02
4.610641805792216701e+02
4.375705528443469348e+02
4.761079408313224803e+02
4.536820512246789008e+02
4.484049686938710124e+02
4.457822539457372955e+02
4.688404463735577679e+02
4.311341490032428965e+02
4.485175224797404780e+02
4.714408085076869384e+02
4.372599731037662423e+02
4.416740837318645276e+02
4.572710365282925977e+02
4.357343412992069602e+02
4.609866969613702281e+02
4.518069600649399717e+02
4.392183690963418030e+02
4.369452460326057803e+02
4.754810487358071214e+02
4.553138753599976098e+02
4.719546866136192875e+02
4.366408894163043328e+02
4.607040571975502417e+02
4.370241553469875839e+02
4.427834075045560667e+02
4.395585975391115880e+02
4.455990135349945263e+02
4.317162828771275258e+02
4.679983123833068817e+02
4.684543716842211438e+02
4.767595924517764843e+02
4.474305541618597317e+02
4.529574751930866796e+02
4.394660856626496752e+02
4.723873010841377322e+02
4.611957131973771880e+02
4.374268280965330291e+02
4.758984027342551144e+02
4.603817965481230772e+02
4.440054551852666123e+02
4.734624120946015182e+02
4.406241677485522814e+02
4.510690197414950262e+02
4.506443314937389459e+02
4.671420376165647212e+02
4.291107051603189575e+02
4.456167357734553889e+02
4.801573429064060292e+02
4.729200635874818772e+02
4.487206268877072830e+02
4.667367986506824877e+02
4.624250782469478054e+02
4.746824979213765232e+02
4.653582556465141806e+02
4.705960101082253573e+02
4.362043626616067513e+02
4.646180418243121153e+02
4.423294398241425824e+02
4.404736648029660273e+02
4.347653277968316274e+02
4.751091213966014948e+02
4.505411912367051173e+02
4.615980854851024446e+02
4.551485449607054079e+02
4.625571082914521526e+02
4.660352232368686032e+02
4.710944799618058028e+02
4.673475648671972635e+02
4.651224761781422785e+02
4.415980379049329372e+02
4.516729225610616254e+02
4.261237586471016812e+02
4.505038467874196044e+02
4.391054826386197192e+02
4.689321868127389052e+02
4.759790102193679218e+02
4.713456783396452465e+02
4.673641350143263367e+02
4.595246027881606778e+02
4.688359535116051120e+02
4.583569194688406014e+02
4.389518155912621182e+02
4.584504520669647718e+02
4.680801357716318307e+02
4.403208120506392333e+02
4.592752157537136100e+02
4.692464806395798860e+02
4.331124631530664146e+02
4.351622773000804045e+02
4.444094943291303821e+02
4.351176516662441145e+02
4.518122600757963596e+02
4.685686496331482545e+02
4.695121893787678005e+02
4.672534783182775868e+02
4.662863412432966470e+02
4.627782434442134445e+02
4.338509760009610545e+02
4.431033268543669124e+02
4.586624320051956829e+02
4.330473412085652285e+02
4.460689840617964705e+02
4.398672299693417358e+02
4.591360232386423377e+02
4.361200698768302004e+02
4.661587104085368196e+02
4.691868406984531816e+02
4.591272536277408562e+02
4.517623592835712429e+02
4.695786471700068887e+02
4.607768384961843253e+02
4.429512431862607968e+02
4.340765040417383602e+02
4.357766009847990745e+02
4.397499970361075725e+02
4.466264693061875164e+02
4.586905801455009168e+02
4.547895097200273540e+02
